34286
64078
21378
35981
3441
54410
33317
1100
18647
41094
8580
9564
24015
63516
1886
2613
16350
9452
37402
51113
61183
12327
24608
49516
30691
54479
47111
21920
30855
20120
57802
32642
3525
52364
13143
22732
21119
38361
55043
4322
35982
21920
51268
59095
59222
12182
19825
29143
9679
8194
27597
28956
3746
11629
49286
764
55838
20030
36266
28879
35979
53309
6041
17652
44298
2046
3661
38836
2741
4812
18621
412
27874
19193
40706
27577
57535
31969
62690
43784
27682
65135
16774
63971
60335
5163
32082
41715
51046
57780
15234
39772
34027
55410
26002
3975
30778
51820
6613
40349
25234
39166
20519
56475
33322
52083
20124
64761
52309
6448
34778
35535
64724
18852
35920
18186
6436
27309
53876
30746
39676
47080
16256
10439
56144
7077
15626
24514
37840
45133
28663
8762
31224
22543
44373
59847
32991
25608
57675
22561
14292
25826
18102
17466
55419
59548
33325
33277
53454
60585
7373
60177
10626
48288
6391
33095
59619
27900
16602
62820
8890
64189
41810
17630
32838
46257
62017
31024
48470
5621
3567
14804
33224
51927
40425
55554
38718
42575
49312
45381
18920
50899
25436
6450
42799
49505
64102
20683
46631
6695
2510
44168
63959
38507
8239
55739
58745
36028
43638
33394
5243
35318
61528
20815
21475
46274
55531
33578
61138
55588
1080
55888
25778
875
48483
4210
13073
57638
10306
24316
49109
38958
26629
37827
39024
33681
55940
32809
8253
60480
40891
40214
47500
50288
44688
7400
21082
4216
37411
38821
48497
43871
27926
11310
11022
42965
5526
42055
34626
42252
33981
36928
12467
329
41318
47948
58801
7902
51458
482
35085
45974
48060
53749
26830
55973
35623
12180
32828
58950
24527
25076
6617
33945
53374
45910
42518
803
51781
23429
20005
27144
51350
36795
4209
58286
11520
15639
13094
52079
44319
31560
51786
44657
1715
50584
32588
10472
58491
24423
55503
32832
15853
30921
59457
5167
38744
5733
35000
44464
43648
63298
40091
34712
59613
41553
59264
57699
27517
65022
1072
32189
43037
52391
25943
39925
17174
48027
30608
35279
41216
23830
40423
41620
13608
2988
29780
31924
43460
56292
12114
47530
53321
4793
4419
46963
10687
8874
22512
41235
56452
42973
6787
42898
7448
54388
52401
42945
42555
62223
19292
3682
34961
13435
56131
21724
48834
43416
36910
8292
59292
47367
29769
38058
55224
23596
6320
15936
24146
9777
11076
36828
20777
23736
18336
1271
24588
62098
37643
54283
11782
56286
14947
46926
2738
13844
40677
48240
25979
161
47186
36499
44546
26991
55715
6722
62248
59074
54950
21825
54621
51991
21843
62501
39765
41691
33612
51755
45538
21651
12136
54439
5012
42282
30214
44826
61917
51590
26222
34746
9085
5780
48294
4643
59880
36847
34724
22417
23649
5488
13393
21771
29475
44887
27677
53612
14893
2558
50957
45710
2424
35576
54833
56098
56034
42159
12811
34134
33744
43297
16755
27265
64838
31387
28269
24820
14235
8267
41061
32724
41663
40661
37760
8503
30763
4277
5286
7451
33666
2405
11938
28828
10671
59256
59222
54223
32632
5927
39514
60109
36560
1630
10462
11078
22929
61405
54083
60503
36687
53753
26736
37371
22113
10781
42719
21775
29965
5570
58579
50265
51765
38657
56703
65239
33902
9277
29025
37853
15891
47532
11699
28345
58361
5990
2884
49549
38466
4383
23825
21118
65188
7143
50263
12085
36942
1256
61236
45383
60217
49117
14910
733
421
63381
10564
20926
27313
54311
18836
30818
31568
48152
64877
48369
48770
36240
3645
1329
23118
28010
42766
28912
61237
14651
35666
8839
55201
29219
23956
19114
6852
1590
34327
35517
24089
18391
35131
60092
2453
7186
14594
63093
18260
35945
21034
56610
38927
29924
33989
28344
9381
40362
14259
38906
31263
46868
11991
6493
58294
4597
39584
63951
32047
39374
36345
64836
29221
16018
51918
52253
46170
13585
48810
39997
65146
64289
13720
62202
59891
64671
6798
26790
38942
54096
51131
24353
18573
2893
14130
3355
47951
58005
29373
35786
27955
53885
8645
13504
18716
42950
2820
19964
64375
14263
59023
767
34550
14507
24869
65372
23422
43186
46174
45515
1119
24564
36376
39573
33088
46144
5413
56752
45247
23095
59217
13275
31626
17648
50813
57176
65139
6349
62713
21562
4250
45141
46548
12855
43910
11193
4540
8854
56649
27717
34154
20630
43975
46586
4335
61857
17178
24964
51322
40231
47897
6631
25852
48678
61628
33194
54815
60122
21038
23930
50521
25962
63420
31804
43988
62373
4890
41129
16510
57229
12665
11579
55726
38762
18011
25135
64401
38433
11432
42421
56228
3129
44114
47469
40655
865
64483
32013
38011
16785
47691
7744
37595
8905
1313
28672
55357
39008
21882
53735
49277
57331
24850
12465
5448
47598
16810
32367
31095
40173
28844
45362
13396
51169
50291
11312
36490
7556
3706
8275
47379
22547
28968
16204
23481
41260
10347
18107
1580
44778
44278
51533
49524
47478
40505
61570
26831
29534
15807
7495
38460
30547
63400
38367
14615
42988
8636
16151
6611
56707
58661
33688
60909
3096
244
30895
22570
8948
33949
23118
31812
10815
50445
6791
14212
13303
4996
55753
47796
15838
18180
11922
8851
3460
3685
37864
52203
52874
36306
44906
56435
501
48509
20694
50038
21574
52240
42877
4573
45822
54570
42145
53703
31210
9748
30323
42988
37046
8255
29794
17812
39628
19759
23843
40517
64007
8577
61317
39393
59620
10219
23223
38797
44753
14551
53227
39253
16647
4737
22508
49268
8343
8188
35305
22709
4884
48616
38790
56003
21128
33211
29547
27542
60436
22316
25951
42795
26155
1525
53175
16301
8361
27633
1968
50651
42519
27662
7063
64585
52826
62549
2169
27389
56430
13440
60390
40163
60057
1424
1833
61872
1799
59795
11976
16071
24190
62471
25828
27941
1914
20130
42510
49992
16036
5812
18449
54499
49543
40019
65411
63744
1702
61712
42509
20074
13957
30637
1577
30738
24598
17387
15394
25515
37062
33019
1447
15983
25857
26837
41770
43800
48682
11994
40812
57990
32333
26381
62336
33593
11602
10477
65343
58356
63114
25620
49432
2318
32034
32017
37714
15120
6658
27993
37359
23983
29312
55557
10748
51567
17689
7071
21285
42211
21647
27113
40384
46770
37465
15373
47981
58288
58316
8717
1607
5698
61872
32267
64440
2838
31939
60634
47956
27595
21175
8294
39214